# Created by Octave 4.2.2, Sat Jun 16 09:30:36 2018 UTC <zeya@zeya>
# name: optTheta
# type: matrix
# rows: 28
# columns: 1
 4.485191601971558
 -4.863969511306497
 -7.685959634765146
 -4.763267463160973
 3.387624081802979
 -5.079972732209641
 -6.915160558229308
 -22.22124824976404
 0.7280139263286327
 7.158066342731909
 11.11399408912448
 39.85925473313704
 0.2496774360141747
 7.283349288828012
 8.935786402036374
 19.60384005834472
 36.73679953909174
 -10.22548734335737
 -47.32549111084505
 37.50783606666903
 -14.32734178736653
 -45.57172579852465
 -80.09995336226663
 -14.63980802464054
 65.14226292355823
 -70.30273792776016
 35.76047934644753
 32.42441764714597
